9
29
6
33
7
14
45
17
4
34
22
48
32
20
43
31
5
3
20
27
25
44
17
40
32
15
37
2
13
11
46
16
35
22
17
18
24
26
50
19
25
6
31
12
43
24
13
23
36
14
47
47
19
48
34
18
12
19
4
21
50
9
34
14
13
48
16
49
1
9
42
39
30
36
13
8
7
33
9
15
7
46
20
1
38
4
36
47
28
20
49
39
46
2
48
12
20
31
37
42
34
15
39
28
50
34
11
42
21
29
29
11
28
22
35
3
32
38
1
26
10
2
8
11
10
11
14
10
38
5
14
18
4
33
32
5
41
28
5
49
12
3
27
49
10
13
44
15
2
1
6
7
15
8
36
41
37
35
25
36
1
25
11
26
40
13
7
18
34
28
33
3
17
10
12
26
17
12
16
23
37
8
24
33
26
5
37
10
44
46
11
28
44
47
4
15
30
39
18
44
6
30
25
41
4
41
19
28
41
20
40
38
38
21
45
21
29
35
41
47
9
2
40
32
16
48
26
7
1
26
21
35
5
48
17
23
13
47
24
29
8
36
21
31
17
3
29
23
19
3
47
32
46
46
45
50
16
46
43
41
50
24
43
29
21
42
23
3
27
39
7
24
45
49
22
19
43
50
27
19
48
30
14
27
46
45
40
38
36
50
16
1
1
2
22
41
8
12
23
34
10
12
10
49
44
35
20
23
43
27
18
27
42
16
18
9
43
45
31
35
15
22
28
25
42
48
3
47
50
35
34
23
30
4
31
14
24
45
27
9
30
33
6
2
15
31
8
9
29
24
25
40
30
38
11
19
37
44
33
33
6
6
25
37
5
40
49
7
40
26
39
36
17
44
8
39
45
18
14
22
32
5
43
37
2
22
31
38
42
20
13
6
16
39
4
30
21
32
49
42
