13
17
47
13
22
50
15
26
38
43
24
45
40
10
43
43
19
50
12
29
36
22
40
50
6
26
43
19
45
24
4
12
28
26
17
7
8
42
1
3
49
13
19
4
9
38
21
5
18
18
34
41
27
41
4
15
12
26
24
16
41
4
50
33
16
7
11
21
29
24
37
16
40
28
30
35
38
1
20
14
48
37
11
42
27
28
3
24
34
40
16
39
30
34
37
15
3
32
48
28
25
27
12
26
45
3
12
2
14
24
35
44
13
15
30
46
39
3
2
23
23
47
15
34
25
32
34
27
5
11
45
49
49
7
30
8
28
7
6
26
2
40
33
19
31
7
11
8
50
10
35
2
25
4
10
47
23
46
20
6
12
20
20
32
47
29
26
45
14
49
48
3
21
33
32
4
32
5
36
38
25
20
19
19
27
46
29
14
31
31
23
42
35
43
28
39
17
12
28
9
34
20
39
9
1
29
6
44
22
8
4
9
2
48
14
8
45
21
18
25
7
48
42
41
38
37
33
7
29
14
18
30
4
1
46
25
1
13
40
36
27
49
49
18
11
41
17
30
9
33
15
47
2
44
31
44
1
37
19
22
23
36
31
7
46
18
13
43
39
50
36
5
5
48
39
40
1
29
22
20
27
22
46
38
9
13
15
43
46
48
17
28
35
26
23
14
44
11
6
30
46
15
42
35
44
31
22
10
31
40
17
49
31
47
44
8
14
20
45
8
12
21
8
11
29
2
10
25
44
47
18
34
23
38
10
36
32
27
16
33
32
50
21
33
11
32
42
13
36
42
1
6
39
50
9
37
39
35
23
24
41
37
17
33
16
10
25
10
35
22
36
30
34
6
24
21
5
16
19
42
41
37
45
49
38
17
21
43
2
48
41
5
9
18
5
6
3
47
3
16
