43
27
34
6
18
49
47
44
23
15
46
38
47
10
19
11
17
24
15
1
2
15
21
14
30
28
4
34
50
19
27
11
12
47
28
45
26
18
18
6
19
13
34
40
46
2
6
19
35
20
4
3
25
31
43
37
1
3
2
5
16
8
48
4
40
47
46
9
28
42
2
31
36
12
40
33
34
23
31
34
32
17
26
27
2
10
43
23
9
16
14
9
34
19
46
26
18
46
47
50
4
17
13
37
16
14
10
1
34
16
11
14
1
39
35
45
12
41
49
30
28
1
27
48
7
32
19
24
29
33
49
49
6
48
31
5
12
10
49
43
41
2
28
42
39
14
9
5
17
3
30
16
45
42
19
38
41
22
28
40
1
39
29
7
36
13
23
17
38
9
10
38
4
32
6
30
11
35
13
46
26
7
50
43
6
31
41
2
3
15
17
32
19
30
15
29
11
25
40
15
24
24
14
2
18
5
41
22
44
30
44
42
26
44
48
27
33
33
25
8
5
22
6
44
38
21
3
21
44
24
41
47
10
43
32
5
23
42
9
50
46
13
8
25
45
39
3
49
25
20
16
29
21
45
25
29
46
30
12
29
17
13
32
50
35
18
48
32
41
12
36
33
4
31
50
30
42
15
1
5
22
8
45
20
9
7
37
36
28
7
6
24
3
43
44
28
7
45
42
8
31
35
33
33
11
26
22
37
14
21
40
14
40
20
16
36
20
36
12
5
47
39
36
50
33
37
8
1
23
11
32
12
21
18
21
45
39
25
17
44
4
20
38
24
35
48
41
3
29
34
8
27
49
36
22
31
35
48
18
27
9
50
24
21
10
16
35
23
40
39
37
11
20
7
42
13
26
37
22
39
15
22
27
48
26
38
23
13
25
37
8
4
38
47
10
29
49
20
7
43
